<< TABLE >>

+-------------------------+---------------------------+-----------------------------+-----------------------+----------------------+------------------------------+------------------------------------+
|          Index          |            Word           |          Frequency          |           TF          |          DF          |             IDF              |          Length of vector          |
+-------------------------+---------------------------+-----------------------------+-----------------------+----------------------+------------------------------+------------------------------------+
|            0            |           great           |              1              |          1.0          |          1           |             1.0              |                0.25                |
|            1            |           depth           |              1              |          1.0          |          1           |             1.0              |                0.25                |
|            2            |           flavor          |              1              |          1.0          |          1           |             1.0              |                0.25                |
|            3            |           fresh           |              1              |          1.0          |          4           |          0.39794000          |                0.25                |
|            4            |           apple           |              1              |          1.0          |          2           |          0.69897000          |                0.25                |
|            5            |           appear          |              1              |          1.0          |          1           |             1.0              |                0.25                |
|            6            |           fruits          |              1              |          1.0          |          2           |          0.69897000          |                0.25                |
|            7            |           touch           |              1              |          1.0          |          1           |             1.0              |                0.25                |
|            8            |           spice           |              1              |          1.0          |          2           |          0.69897000          |                0.25                |
|            9            |            dry            |              1              |          1.0          |          2           |          0.69897000          |                0.25                |
|            10           |          balance          |              1              |          1.0          |          3           |          0.52287874          |                0.25                |
|            11           |          acidity          |              1              |          1.0          |          7           |          0.15490195          |                0.25                |
|            12           |             be            |              1              |          1.0          |          7           |          0.15490195          |                0.25                |
|            13           |           crisp           |              1              |          1.0          |          2           |          0.69897000          |                0.25                |
|            14           |          texture          |              1              |          1.0          |          2           |          0.69897000          |                0.25                |
|            15           |           drink           |              1              |          1.0          |          1           |             1.0              |                0.25                |
+-------------------------+---------------------------+-----------------------------+-----------------------+----------------------+------------------------------+------------------------------------+



