<< TABLE >>

+-------------------------+------------------------------+-----------------------------+------------------------------+----------------------+------------------------------+------------------------------------+
|          Index          |             Word             |          Frequency          |              TF              |          DF          |             IDF              |          Length of vector          |
+-------------------------+------------------------------+-----------------------------+------------------------------+----------------------+------------------------------+------------------------------------+
|            0            |            start             |              1              |             1.0              |          2           |          0.69897000          |             0.24475804             |
|            1            |            snappy            |              1              |             1.0              |          1           |             1.0              |             0.24475804             |
|            2            |           flavors            |              2              |          1.30102999          |          3           |          0.52287874          |             0.31843756             |
|            3            |             lime             |              1              |             1.0              |          1           |             1.0              |             0.24475804             |
|            4            |            flesh             |              1              |             1.0              |          1           |             1.0              |             0.24475804             |
|            5            |             rind             |              1              |             1.0              |          2           |          0.69897000          |             0.24475804             |
|            6            |           dominate           |              1              |             1.0              |          1           |             1.0              |             0.24475804             |
|            7            |            green             |              1              |             1.0              |          2           |          0.69897000          |             0.24475804             |
|            8            |          pineapple           |              1              |             1.0              |          2           |          0.69897000          |             0.24475804             |
|            9            |            pokes             |              1              |             1.0              |          1           |             1.0              |             0.24475804             |
|            10           |            crisp             |              1              |             1.0              |          2           |          0.69897000          |             0.24475804             |
|            11           |           acidity            |              1              |             1.0              |          7           |          0.15490195          |             0.24475804             |
|            12           |          underscori          |              1              |             1.0              |          1           |             1.0              |             0.24475804             |
|            13           |             wine             |              1              |             1.0              |          5           |          0.30102999          |             0.24475804             |
|            14           |          stainlesss          |              1              |             1.0              |          1           |             1.0              |             0.24475804             |
|            15           |          fermented           |              1              |             1.0              |          1           |             1.0              |             0.24475804             |
+-------------------------+------------------------------+-----------------------------+------------------------------+----------------------+------------------------------+------------------------------------+



