<< TABLE >>

+-------------------------+-----------------------------+-----------------------------+-----------------------+----------------------+------------------------------+------------------------------------+
|          Index          |             Word            |          Frequency          |           TF          |          DF          |             IDF              |          Length of vector          |
+-------------------------+-----------------------------+-----------------------------+-----------------------+----------------------+------------------------------+------------------------------------+
|            0            |             dry             |              1              |          1.0          |          2           |          0.69897000          |             0.28867513             |
|            1            |           restrain          |              1              |          1.0          |          1           |             1.0              |             0.28867513             |
|            2            |             wine            |              1              |          1.0          |          5           |          0.30102999          |             0.28867513             |
|            3            |            offer            |              1              |          1.0          |          2           |          0.69897000          |             0.28867513             |
|            4            |            spice            |              1              |          1.0          |          2           |          0.69897000          |             0.28867513             |
|            5            |          profusion          |              1              |          1.0          |          1           |             1.0              |             0.28867513             |
|            6            |           balance           |              1              |          1.0          |          3           |          0.52287874          |             0.28867513             |
|            7            |           acidity           |              1              |          1.0          |          7           |          0.15490195          |             0.28867513             |
|            8            |              be             |              1              |          1.0          |          7           |          0.15490195          |             0.28867513             |
|            9            |           confirm           |              1              |          1.0          |          2           |          0.69897000          |             0.28867513             |
|            10           |           texture           |              1              |          1.0          |          2           |          0.69897000          |             0.28867513             |
|            11           |             food            |              1              |          1.0          |          1           |             1.0              |             0.28867513             |
+-------------------------+-----------------------------+-----------------------------+-----------------------+----------------------+------------------------------+------------------------------------+



