<< TABLE >>

+-------------------------+------------------------------+-----------------------------+------------------------------+----------------------+------------------------------+------------------------------------+
|          Index          |             Word             |          Frequency          |              TF              |          DF          |             IDF              |          Length of vector          |
+-------------------------+------------------------------+-----------------------------+------------------------------+----------------------+------------------------------+------------------------------------+
|            0            |             ripe             |              1              |             1.0              |          1           |             1.0              |             0.23774051             |
|            1            |            fruity            |              1              |             1.0              |          2           |          0.69897000          |             0.23774051             |
|            2            |              be              |              2              |          1.30102999          |          7           |          0.15490195          |             0.30930754             |
|            3            |             wine             |              1              |             1.0              |          5           |          0.30102999          |             0.23774051             |
|            4            |            smooth            |              1              |             1.0              |          1           |             1.0              |             0.23774051             |
|            5            |          structured          |              1              |             1.0              |          1           |             1.0              |             0.23774051             |
|            6            |           confirm            |              1              |             1.0              |          2           |          0.69897000          |             0.23774051             |
|            7            |           tannins            |              1              |             1.0              |          2           |          0.69897000          |             0.23774051             |
|            8            |             fill             |              1              |             1.0              |          1           |             1.0              |             0.23774051             |
|            9            |            juicy             |              1              |             1.0              |          1           |             1.0              |             0.23774051             |
|            10           |           remember           |              1              |             1.0              |          2           |          0.69897000          |             0.23774051             |
|            11           |            berry             |              1              |             1.0              |          2           |          0.69897000          |             0.23774051             |
|            12           |            fruits            |              1              |             1.0              |          2           |          0.69897000          |             0.23774051             |
|            13           |          freshened           |              1              |             1.0              |          1           |             1.0              |             0.23774051             |
|            14           |           acidity            |              1              |             1.0              |          7           |          0.15490195          |             0.23774051             |
|            15           |          drinkable           |              1              |             1.0              |          1           |             1.0              |             0.23774051             |
|            16           |             2016             |              1              |             1.0              |          1           |             1.0              |             0.23774051             |
+-------------------------+------------------------------+-----------------------------+------------------------------+----------------------+------------------------------+------------------------------------+



