<< TABLE >>

+-------------------------+-----------------------------+-----------------------------+-----------------------+----------------------+------------------------------+------------------------------------+
|          Index          |             Word            |          Frequency          |           TF          |          DF          |             IDF              |          Length of vector          |
+-------------------------+-----------------------------+-----------------------------+-----------------------+----------------------+------------------------------+------------------------------------+
|            0            |            savory           |              1              |          1.0          |          2           |          0.69897000          |             0.24253562             |
|            1            |            dried            |              1              |          1.0          |          2           |          0.69897000          |             0.24253562             |
|            2            |            thyme            |              1              |          1.0          |          1           |             1.0              |             0.24253562             |
|            3            |             note            |              1              |          1.0          |          2           |          0.69897000          |             0.24253562             |
|            4            |            accent           |              1              |          1.0          |          1           |             1.0              |             0.24253562             |
|            5            |           sunnier           |              1              |          1.0          |          1           |             1.0              |             0.24253562             |
|            6            |           flavors           |              1              |          1.0          |          3           |          0.52287874          |             0.24253562             |
|            7            |           preserve          |              1              |          1.0          |          1           |             1.0              |             0.24253562             |
|            8            |            peach            |              1              |          1.0          |          1           |             1.0              |             0.24253562             |
|            9            |            brisk            |              1              |          1.0          |          2           |          0.69897000          |             0.24253562             |
|            10           |            offdry           |              1              |          1.0          |          1           |             1.0              |             0.24253562             |
|            11           |             wine            |              1              |          1.0          |          5           |          0.30102999          |             0.24253562             |
|            12           |            fruity           |              1              |          1.0          |          2           |          0.69897000          |             0.24253562             |
|            13           |            fresh            |              1              |          1.0          |          4           |          0.39794000          |             0.24253562             |
|            14           |           elegant           |              1              |          1.0          |          1           |             1.0              |             0.24253562             |
|            15           |          sprightly          |              1              |          1.0          |          1           |             1.0              |             0.24253562             |
|            16           |          footprint          |              1              |          1.0          |          1           |             1.0              |             0.24253562             |
+-------------------------+-----------------------------+-----------------------------+-----------------------+----------------------+------------------------------+------------------------------------+



